FR1,0,1,1
FR2,0,0,0
FR3,0,0,0
FR4,1,1,0
FR5,0,0,1
FR6,0,0,1
FR7,0,1,1
FR8,1,1,0
FR9,1,0,1
FR10,1,0,1
FR11,1,1,1
FR12,1,0,1
FR13,1,1,1
FR14,1,1,1
FR15,1,0,1
FR16,1,0,1
FR17,0,0,1
FR18,1,0,1
FR19,1,0,1
FR20,1,0,1
FR21,1,0,1
FR22,0,0,1
FR23,0,1,1
FR24,0,0,1
FR25,0,1,1
FR26,1,1,0
FR27,0,1,1
FR28,0,0,0
FR29,0,1,1
FR30,1,1,0
FR31,1,0,0
FR32,1,1,0
FR33,1,1,1
FR34,1,1,1
FR35,0,1,1
FR36,1,0,1
FR37,1,1,0
FR38,1,1,1
FR39,1,1,1
FR40,1,1,0
FR41,1,1,0
FR42,1,1,0
FR43,1,1,0
FR44,1,1,0
FR45,1,1,1
FR46,1,1,1
FR47,1,1,1
FR48,0,0,0
FR49,1,1,0
FR50,1,1,0
FR51,1,1,0
FR52,1,1,1
FR53,1,1,0
FR54,1,1,1
FR55,1,1,1
FR56,1,1,1
FR57,1,1,1
FR58,1,1,0
FR59,1,1,1
FR60,1,1,0
FR61,1,1,0
FR62,1,1,1
FR63,1,1,0
FR64,1,1,0
FR65,1,1,1
FR66,1,0,0
FR67,1,0,0
FR68,1,1,0
FR69,1,1,0
FR70,1,1,0
FR71,1,1,0
FR72,1,1,1
FR73,1,1,1
FR74,1,1,1
FR75,1,1,1
FR76,1,1,0
FR77,1,1,1
FR78,1,1,1
FR79,0,1,1
FR80,1,1,1
